0
0
0
1
2
2
3
2
151
2
2
3
2
2
2
2
3
2
1
3
137
2
2
3
2
3
2
4
4
147
4
269
5
5
5
5
6
6
6
6
8
8
7
8
8
9
7
8
8
8
8
10
10
8
8
9
7
8
10
8
10
8
8
8
8
8
10
280
118
12
11
12
11
11
12
11
11
11
12
11
187
16
188
13
15
14
14
14
13
13
13
15
14
14
14
14
13
14
14
14
14
13
16
14
15
13
16
17
17
19
17
17
17
19
18
17
17
18
17
20
17
17
17
19
17
17
18
17
18
19
17
19
17
20
17
17
17
19
19
155
17
20
17
19
17
17
238
21
21
113
23
22
23
21
23
21
22
21
23
22
22
23
21
23
22
21
23
86
21
21
21
23
21
22
23
21
21
21
23
23
21
22
26
25
24
24
26
25
25
24
24
25
26
25
26
29
26
29
25
28
26
24
26
27
25
26
25
25
25
24
25
28
27
29
27
29
26
29
27
25
28
25
25
24
24
24
26
25
24
243
24
55
24
22
27
28
25
194
26
26
29
30
30
301
31
157
31
33
32
267
33
32
32
33
32
33
32
33
32
33
32
33
32
33
32
32
33
34
32
32
34
33
33
36
35
35
36
35
35
36
35
35
310
35
36
36
37
37
38
37
38
37
37
38
37
319
39
236
39
236
39
236
236
40
40
40
40
40
40
40
40
40
40
41
41
41
42
43
44
46
44
46
47
42
42
47
42
45
46
47
47
46
45
46
47
44
47
47
43
47
46
46
47
46
46
44
45
47
47
47
47
47
50
48
51
220
48
50
49
49
49
48
49
50
51
51
49
50
48
48
49
51
50
50
48
49
49
49
51
269
53
52
53
53
53
53
52
52
52
52
52
52
52
53
54
54
55
54
54
55
54
54
56
56
56
56
56
57
58
57
57
57
58
57
57
57
58
57
58
59
60
60
60
59
60
59
60
59
60
60
65
68
61
64
62
66
64
63
52
64
65
66
68
65
63
67
68
65
61
69
68
66
68
69
69
62
63
67
63
66
67
67
69
63
67
66
71
70
71
70
70
71
71
330
106
0
14
0
168
14
72
73
72
73
73
72
72
73
72
73
72
74
74
74
74
79
75
81
77
79
75
84
76
85
77
78
79
79
82
76
76
77
79
79
79
79
83
276
77
76
79
85
79
83
79
79
75
76
80
79
79
78
81
82
79
76
79
79
77
79
79
75
8
79
79
77
79
77
76
76
79
85
85
85
85
76
77
79
79
79
76
83
83
83
86
79
84
79
79
79
79
83
79
76
85
84
79
79
76
80
81
79
85
84
75
79
76
79
83
85
86
79
86
79
81
76
83
86
85
86
76
79
79
77
75
76
75
79
76
87
88
88
87
88
69
87
88
88
87
88
89
90
89
89
90
21
89
89
89
89
271
89
90
23
90
90
90
90
114
91
91
91
93
91
93
91
92
91
181
92
93
93
91
92
93
91
94
94
94
253
109
237
119
98
162
98
105
95
114
96
96
116
107
97
107
104
115
104
114
114
120
107
114
113
104
98
118
117
104
314
118
104
116
111
104
98
104
104
104
96
114
109
107
110
115
104
98
110
113
104
102
99
100
53
276
112
97
116
25
117
104
104
109
116
104
7
104
101
120
243
109
28
104
104
109
102
26
102
111
104
103
100
113
98
99
117
101
108
112
286
103
106
104
105
74
116
104
116
68
119
105
106
119
103
104
117
52
107
104
120
116
120
117
102
115
211
106
108
116
122
120
109
104
26
115
99
104
117
103
104
95
115
105
116
113
31
116
117
109
117
105
104
230
104
87
106
117
110
113
104
109
110
107
106
104
116
122
111
105
111
112
98
109
117
117
103
104
114
113
104
118
115
325
98
269
99
100
99
116
299
107
104
115
66
104
105
103
109
114
115
111
0
103
90
112
115
120
115
96
104
104
116
98
105
111
117
115
118
119
121
117
109
102
98
119
98
119
120
112
118
120
109
96
105
109
121
100
98
117
122
122
115
103
100
96
98
99
101
106
118
107
110
96
104
109
104
102
117
216
123
123
123
123
123
123
123
124
307
124
124
124
124
124
124
124
124
124
124
124
124
124
124
124
124
124
124
94
124
124
124
124
124
103
124
124
124
124
125
125
125
261
126
126
126
126
126
126
126
126
126
127
127
127
127
127
128
129
127
129
128
129
129
129
129
129
129
136
136
136
136
136
133
135
134
130
131
131
131
132
136
133
168
131
135
137
130
134
276
133
61
134
134
134
135
134
135
134
136
136
137
134
136
133
137
136
131
136
136
131
133
133
135
220
137
133
133
136
137
136
134
138
134
138
136
134
131
136
134
131
132
188
135
134
61
136
131
135
137
136
61
61
156
131
135
136
138
139
140
139
48
140
140
193
139
139
140
142
141
142
94
142
141
142
142
142
142
141
142
141
142
142
142
142
143
143
143
144
147
144
145
146
146
146
146
144
144
146
146
146
145
145
145
146
146
144
269
144
145
146
147
147
146
144
146
146
145
147
144
146
145
147
147
146
144
147
146
152
150
148
148
150
152
152
148
148
149
150
152
149
152
304
150
152
150
151
148
152
152
150
143
149
150
151
149
152
148
149
150
151
151
150
152
148
151
152
151
312
152
148
164
332
57
57
269
57
153
153
153
153
153
153
153
153
153
153
153
153
153
153
153
153
153
301
156
156
161
154
159
161
163
156
152
161
160
161
154
156
154
66
160
163
156
155
157
156
155
157
163
161
160
156
161
159
157
157
159
157
159
161
158
161
156
161
162
157
161
161
160
159
159
156
159
159
154
160
157
161
157
161
160
159
162
159
161
155
157
159
157
159
159
161
163
160
158
159
161
162
159
162
154
159
163
157
160
158
159
159
163
163
163
160
159
161
162
163
154
157
159
164
310
164
164
164
164
164
164
165
164
164
165
179
171
166
173
170
175
52
166
169
171
173
172
169
171
168
175
174
176
171
169
167
167
175
169
169
168
174
169
168
174
168
168
169
166
170
168
173
169
171
168
166
169
170
167
175
167
171
172
173
173
168
176
171
176
52
168
173
172
10
174
168
174
175
173
176
170
166
168
169
168
174
168
173
176
168
176
176
175
167
52
173
175
166
174
174
61
169
166
171
169
169
173
171
174
177
179
177
179
177
178
177
179
177
178
179
179
179
179
82
178
180
180
181
180
180
288
288
181
288
180
185
186
24
182
183
184
182
184
185
184
267
24
186
184
183
184
185
185
184
186
183
183
231
177
188
187
187
188
188
188
194
189
192
190
191
192
190
193
192
193
192
50
191
196
194
9
190
189
196
192
196
190
34
195
196
193
196
190
189
191
196
157
62
192
195
301
197
197
197
197
197
197
197
197
198
197
198
197
197
197
197
197
198
197
197
201
201
202
199
199
200
200
201
200
201
201
201
201
202
276
210
210
210
203
210
203
208
203
210
210
210
209
212
204
210
289
210
289
210
205
212
206
207
211
208
180
208
210
212
210
210
210
301
206
205
211
210
206
301
204
210
210
210
209
210
212
210
206
212
210
205
210
207
206
212
205
85
210
210
301
203
210
211
206
210
205
210
210
210
212
210
210
210
206
210
205
138
204
210
210
209
210
210
211
211
211
301
205
207
212
230
214
231
218
230
214
219
214
231
231
213
220
231
214
222
215
229
231
216
217
230
220
230
230
224
229
217
220
220
225
231
215
231
217
233
231
228
87
218
219
227
218
214
217
231
227
218
226
233
220
215
227
231
215
231
221
231
231
233
222
213
223
233
225
231
224
222
227
219
223
230
225
221
224
231
221
231
231
227
231
214
225
226
223
231
218
225
213
226
226
230
231
215
231
227
231
231
231
233
214
226
227
220
230
220
220
215
214
231
231
222
225
231
233
218
214
231
233
215
228
229
231
213
231
222
231
226
232
227
214
215
231
226
214
225
216
231
230
231
214
218
227
231
218
225
227
231
214
228
232
233
234
235
235
22
234
235
22
236
234
235
22
22
236
22
236
189
22
22
236
237
237
237
239
237
239
238
125
237
240
239
109
239
239
125
237
237
240
238
240
330
239
240
237
244
242
243
242
241
243
243
241
242
243
243
243
243
244
244
244
244
244
245
245
245
223
245
246
245
246
245
265
249
329
247
248
249
250
267
249
266
251
249
252
252
249
254
253
254
248
266
254
255
256
255
266
247
265
267
256
257
249
258
252
259
260
261
255
262
263
253
264
265
248
265
249
254
256
262
265
266
267
66
268
270
272
274
177
270
275
275
270
274
270
269
270
274
271
272
273
271
270
275
270
274
274
272
63
270
269
270
273
271
270
272
274
271
270
269
269
268
290
271
274
270
270
274
268
271
270
271
271
274
271
270
271
271
274
271
274
274
274
222
271
275
271
271
270
279
276
278
277
277
278
277
278
278
278
279
116
277
279
278
279
277
278
97
277
121
277
279
279
279
278
279
280
278
278
278
279
278
277
277
277
277
279
277
277
277
279
279
279
279
278
279
277
97
279
279
279
277
277
278
280
281
281
281
281
281
280
281
281
280
281
291
301
286
282
301
300
298
302
291
302
297
302
301
283
289
289
283
302
297
302
295
292
284
301
302
289
301
292
297
302
303
303
289
285
301
286
299
301
287
302
294
285
282
288
287
290
288
293
286
292
289
283
302
289
291
294
302
294
301
282
301
284
289
301
302
297
302
294
287
291
303
302
301
301
301
285
286
288
302
302
290
304
297
285
302
301
289
290
300
303
297
297
302
301
290
290
294
290
294
291
301
302
301
301
302
290
302
295
291
302
297
302
292
299
302
302
287
302
289
302
301
301
301
285
290
297
297
288
292
300
293
290
291
294
303
304
287
302
293
295
296
300
297
303
288
302
302
300
301
290
299
302
285
303
301
294
301
311
290
301
301
301
290
297
298
290
302
285
302
301
297
302
102
282
285
296
303
297
291
285
290
297
303
289
293
296
300
302
285
285
287
300
301
290
302
5
290
301
301
299
300
302
302
292
302
297
299
301
302
298
301
289
292
300
293
297
285
282
301
301
290
285
282
290
302
302
302
302
302
299
292
302
282
292
285
301
295
294
290
297
303
301
298
302
301
303
297
290
304
305
305
305
153
305
305
100
306
306
306
306
306
306
306
306
306
306
306
306
306
306
306
306
316
60
15
15
307
307
307
307
307
310
315
314
308
314
310
309
310
309
311
312
318
310
314
308
315
314
309
314
309
313
312
310
313
315
312
313
314
310
310
311
311
310
312
314
316
315
308
308
309
309
309
309
309
315
317
313
308
315
309
318
312
310
314
308
310
317
312
309
316
314
319
310
314
317
318
308
312
309
309
316
310
309
71
308
319
309
316
318
317
315
308
312
318
320
321
320
321
321
321
321
321
321
321
320
288
320
321
321
321
322
323
322
324
323
322
322
323
324
323
324
322
323
324
322
323
324
322
322
324
324
324
322
103
326
119
326
329
326
325
326
326
329
326
325
326
326
326
327
327
265
265
326
325
326
325
325
326
309
328
328
326
265
265
329
330
331
287
331
331
331
331
233
222
335
332
5
333
333
333
333
334
332
333
334
335
57
