17
17
17
40
40
40
40
40
9
40
40
40
40
40
40
40
40
40
40
40
40
40
40
40
40
40
40
83
83
58
83
83
62
62
62
62
26
26
26
26
32
32
32
32
32
32
32
32
32
32
32
32
32
32
32
32
32
32
32
32
32
32
32
32
32
32
32
38
2
35
35
35
35
35
35
35
35
35
35
35
71
6
24
6
6
6
6
80
6
6
6
6
6
6
6
80
6
6
6
6
6
6
6
6
6
6
6
7
7
7
7
7
7
7
7
7
7
7
7
10
7
7
7
7
7
7
7
7
7
7
7
7
7
7
7
7
7
7
7
26
7
7
7
7
7
7
7
48
1
76
1
1
1
1
1
1
1
1
1
1
1
1
1
1
1
1
1
1
1
1
1
1
1
1
1
1
1
1
1
1
63
1
11
11
11
11
11
11
11
11
11
11
11
11
11
11
11
11
11
11
11
11
11
11
11
11
11
11
11
11
11
11
11
11
56
11
11
11
11
11
11
11
11
11
11
11
11
11
11
54
11
65
11
1
11
11
11
11
11
11
11
6
6
18
18
58
18
75
75
52
75
75
75
75
75
75
75
75
75
75
75
75
20
75
75
75
75
75
75
75
75
75
75
44
44
44
44
44
44
44
44
44
44
44
44
44
46
46
46
46
46
46
46
46
46
38
55
55
55
55
55
55
55
10
10
10
10
10
10
10
10
10
10
59
70
59
52
52
52
52
52
52
52
52
52
52
52
52
52
52
52
52
52
52
52
52
52
52
52
52
52
52
52
52
52
52
52
52
52
52
52
52
31
31
31
31
31
31
31
31
31
31
31
31
31
31
31
31
31
31
31
31
31
31
31
31
31
31
31
31
59
59
59
59
59
59
59
59
59
59
59
59
59
59
57
57
57
57
57
57
57
57
22
22
22
22
22
25
25
25
25
25
25
25
25
25
25
25
25
35
35
35
35
35
35
35
35
35
35
35
43
43
40
43
43
43
43
43
59
43
43
43
43
40
43
43
43
43
40
87
43
43
43
87
87
43
43
43
43
43
43
43
87
43
43
43
47
47
47
47
47
47
47
15
10
17
80
17
17
80
14
14
14
14
14
14
14
14
14
14
14
73
73
73
73
67
67
67
67
67
67
67
67
67
67
67
67
67
67
67
67
67
67
67
67
67
69
48
67
67
67
67
67
69
67
67
67
67
67
67
67
67
67
67
67
67
67
67
67
67
67
67
67
67
67
67
30
67
67
67
67
67
67
67
67
67
67
67
67
67
67
69
69
69
67
67
67
67
67
67
67
69
67
67
67
67
67
67
67
67
67
67
67
67
67
67
67
67
69
67
67
67
67
67
67
67
69
67
67
67
67
67
67
67
67
67
67
67
67
19
19
19
19
19
19
19
19
19
19
19
1
1
1
1
1
1
1
1
1
1
17
1
1
1
1
1
1
1
1
16
16
16
16
16
16
16
16
16
16
16
16
16
16
16
16
16
57
57
57
57
2
21
2
3
2
3
4
2
2
2
2
2
2
74
2
2
2
2
2
2
2
2
2
2
2
3
2
3
0
4
2
20
2
30
2
3
2
2
2
2
2
22
2
2
2
2
3
2
2
2
2
2
2
2
48
2
3
2
2
3
2
2
2
82
65
2
2
3
48
54
2
23
2
2
2
2
3
2
2
2
2
2
2
3
79
3
3
2
2
32
68
20
2
2
23
2
2
2
3
2
2
10
2
3
2
2
5
2
29
48
2
2
3
2
2
2
2
2
10
3
2
2
2
2
2
2
2
3
3
2
2
2
4
2
2
18
2
3
2
3
64
2
2
2
2
2
3
2
2
2
2
2
2
2
2
2
2
2
4
2
2
3
2
3
3
2
2
2
2
2
70
2
2
3
2
2
2
2
2
5
2
2
2
43
2
82
2
2
2
12
2
2
68
17
2
2
2
2
3
2
2
2
3
2
2
3
2
2
2
79
29
2
2
3
2
3
2
48
2
2
2
2
2
4
2
79
2
3
10
3
3
2
3
2
2
3
2
3
2
2
2
2
3
2
2
2
2
3
50
50
50
50
50
50
50
50
27
56
27
27
27
27
27
27
27
27
27
27
27
27
27
27
27
27
27
27
27
27
27
27
27
27
3
27
27
27
27
64
64
64
61
5
5
5
5
5
5
5
5
5
22
22
22
22
22
22
22
22
22
22
22
22
78
22
22
22
40
40
40
40
40
40
40
40
40
40
40
40
40
1
40
17
40
40
40
40
40
48
40
40
40
40
40
40
57
40
40
40
40
40
40
40
40
40
40
40
40
40
40
40
40
40
40
40
40
40
40
40
40
40
40
40
40
40
40
40
40
40
40
40
40
23
40
40
40
40
40
40
40
40
40
35
40
40
40
40
13
13
13
13
13
13
13
13
13
13
45
45
45
45
45
45
45
45
45
45
45
45
45
45
45
45
45
54
54
54
41
41
41
41
41
41
41
41
41
41
41
41
41
41
41
41
41
41
41
41
41
41
41
41
41
41
41
41
41
41
41
41
41
41
41
41
41
41
41
41
42
9
42
42
9
42
42
42
42
42
9
42
42
42
9
9
42
9
9
42
42
42
9
9
42
9
9
42
42
42
42
9
9
9
9
42
42
9
42
9
42
42
42
25
25
24
25
25
25
53
53
53
53
53
53
53
53
53
53
53
53
53
53
53
53
53
24
18
18
18
18
18
18
18
18
42
18
18
18
18
18
18
43
18
18
18
18
18
18
18
18
18
18
18
18
18
18
18
18
18
18
18
18
18
18
18
18
18
18
18
18
18
18
18
18
18
18
18
18
18
18
18
18
18
18
18
18
18
18
18
18
18
18
18
18
18
18
18
18
18
18
18
18
18
18
18
18
18
18
18
18
18
18
18
18
18
18
18
18
18
18
18
9
88
9
9
9
9
9
9
72
9
9
72
84
59
59
59
59
59
59
59
59
59
59
59
59
59
59
59
59
59
59
59
59
59
59
59
59
40
31
59
59
59
59
59
59
59
59
59
59
59
59
59
59
59
59
59
59
59
59
59
59
59
59
59
59
59
59
59
59
59
32
59
59
59
59
59
59
59
59
59
59
59
59
59
22
59
11
59
59
59
59
59
19
59
59
59
59
59
59
59
59
59
59
59
59
59
60
60
60
60
60
60
60
60
60
60
60
60
60
60
7
60
86
12
12
86
86
12
86
12
86
86
60
29
85
1
60
60
1
60
60
60
22
60
29
60
60
60
60
60
60
29
60
60
71
71
87
71
71
71
87
87
4
4
4
4
36
4
4
13
4
13
4
81
36
4
11
4
4
4
4
4
4
19
4
4
4
13
4
4
4
36
4
4
68
4
4
4
30
30
30
30
30
30
30
30
30
30
30
30
30
30
30
30
30
30
30
20
20
20
20
20
20
20
20
20
20
20
20
20
20
20
78
78
78
78
78
78
78
78
78
78
78
78
78
8
78
78
78
78
78
78
78
78
78
78
78
66
78
78
78
78
78
78
24
78
78
78
78
19
24
8
78
78
78
78
78
78
78
78
78
78
78
78
78
48
78
78
78
78
78
24
78
31
78
78
78
78
78
78
78
78
78
78
78
78
78
78
88
78
78
78
78
78
78
78
78
78
78
78
78
78
15
15
15
15
15
15
15
15
79
15
15
15
15
15
15
15
15
15
15
15
15
15
15
15
15
15
15
15
15
15
15
15
15
15
15
15
15
19
15
15
15
15
15
15
15
15
15
15
15
15
15
15
15
15
2
15
15
15
15
15
15
15
15
15
15
15
15
15
15
15
15
15
15
15
15
15
18
15
15
15
15
15
15
15
15
15
15
15
15
15
15
15
15
15
15
15
15
15
15
15
15
15
15
15
15
15
15
15
15
15
15
15
15
15
15
15
15
65
15
15
15
15
15
15
15
15
15
15
15
15
15
15
15
15
15
15
15
15
15
15
15
15
15
15
15
15
15
15
15
15
15
1
1
1
1
1
1
1
1
1
1
1
1
1
1
1
57
1
1
1
21
21
21
51
76
51
7
21
21
21
51
2
51
51
21
21
10
21
7
21
21
51
21
21
77
54
54
54
54
54
54
54
54
54
54
54
54
77
77
77
77
77
49
49
49
15
49
49
49
49
49
87
87
43
87
87
87
87
87
87
87
87
87
87
87
87
87
87
87
87
87
87
87
87
87
87
87
87
87
87
87
87
87
87
87
87
87
87
87
87
87
87
87
87
87
87
87
87
87
87
87
87
87
0
0
0
0
24
0
0
0
0
0
0
0
0
0
0
0
0
0
0
0
0
0
0
0
76
0
0
0
0
66
0
0
0
0
0
0
0
0
0
0
0
0
0
0
0
0
0
0
0
0
26
0
0
0
0
0
0
0
0
64
0
0
0
0
0
39
48
39
39
39
39
39
39
39
39
39
39
39
39
39
39
39
39
74
39
39
39
39
39
39
39
39
74
39
39
39
39
39
39
39
39
39
39
39
39
39
39
39
39
39
39
39
39
74
39
39
39
39
39
39
38
38
63
38
38
38
38
38
38
38
38
24
24
24
24
24
24
24
85
24
24
24
24
10
24
24
24
24
24
24
24
24
24
24
24
24
24
24
24
24
24
24
24
24
24
24
24
24
24
24
24
24
24
24
24
24
24
24
24
24
24
24
24
24
24
24
24
24
24
24
24
24
24
24
24
24
24
24
24
24
24
24
24
24
24
24
24
24
24
24
24
24
24
24
24
24
24
24
24
24
24
24
24
24
24
24
24
24
24
24
24
24
24
24
24
24
24
24
24
24
24
11
24
24
24
24
9
24
24
24
24
24
24
24
24
24
24
24
24
24
24
24
24
24
24
24
24
24
24
24
24
24
24
24
24
24
24
24
24
24
28
24
24
24
24
24
24
24
8
24
24
24
24
24
24
24
12
24
24
24
24
24
24
24
24
24
24
24
24
24
24
24
24
24
24
24
24
24
24
24
24
24
24
24
3
24
42
24
24
24
24
24
24
24
24
24
24
24
24
24
24
24
24
24
24
24
24
24
24
24
24
24
24
24
24
24
24
24
24
24
24
24
24
24
24
24
43
24
24
24
24
24
24
24
24
24
24
24
24
24
28
28
28
15
28
28
2
79
79
79
79
79
79
79
79
79
79
79
79
79
79
79
79
84
6
6
6
56
56
56
56
56
8
8
8
8
8
8
8
8
8
8
8
8
8
1
8
8
8
8
8
8
8
8
8
8
8
8
8
8
8
8
8
8
8
8
8
8
36
8
8
8
8
8
8
8
8
8
8
8
8
8
8
8
8
8
48
8
8
8
8
8
37
8
8
8
8
8
8
8
8
8
8
8
8
12
8
8
8
8
8
8
8
8
8
8
85
85
85
85
85
85
85
85
85
85
85
85
85
85
85
85
34
34
34
34
34
34
34
34
34
34
34
34
34
34
34
34
34
34
34
34
23
34
34
4
37
37
37
37
37
37
37
37
37
37
37
37
37
37
29
29
37
37
37
37
37
37
37
37
8
37
37
37
37
37
37
15
15
24
15
15
15
15
15
15
63
33
62
33
33
33
33
33
33
33
33
63
33
