0
1
1
2
3
4
5
6
7
8
9
10
4
11
4
12
13
14
2
10
15
4
16
10
17
10
18
19
20
21
19
22
23
23
23
23
24
24
24
24
25
26
27
28
26
29
30
26
26
26
26
31
31
26
26
32
33
34
31
35
31
36
37
38
26
39
31
40
41
42
43
42
44
45
42
46
44
42
42
47
48
49
50
51
52
53
54
55
56
51
57
52
58
59
59
60
61
62
63
64
65
66
67
68
52
51
49
69
69
70
71
69
72
69
73
69
69
73
69
74
75
76
77
69
69
78
79
80
73
69
81
69
69
82
83
84
69
69
85
86
69
82
69
69
87
69
88
89
90
91
90
90
90
90
90
90
90
90
90
92
90
90
90
90
93
90
90
90
90
90
94
90
90
90
95
90
90
96
90
90
97
98
99
100
101
100
100
102
100
103
100
100
104
105
100
100
100
106
107
100
108
100
100
109
100
110
100
100
111
112
113
100
114
100
115
100
100
100
116
100
100
100
100
117
118
119
120
100
100
121
101
122
101
123
114
100
100
124
100
125
100
126
126
127
128
129
128
130
131
132
130
133
134
130
133
135
136
137
138
130
139
130
140
141
142
143
130
144
133
139
144
130
130
145
146
147
145
148
146
145
149
150
151
146
145
145
152
153
154
155
156
157
158
154
159
160
161
162
163
164
165
166
167
168
168
168
168
168
168
168
168
168
168
169
170
169
171
172
173
174
173
173
173
171
171
173
171
173
173
173
173
173
173
173
171
173
175
175
172
176
173
177
178
179
173
180
181
173
175
173
182
173
183
184
185
186
184
183
187
187
187
188
187
183
189
189
187
190
184
184
187
191
192
193
184
187
187
187
194
195
196
196
197
196
196
196
196
196
196
196
196
196
198
199
200
201
200
200
200
200
202
200
203
204
205
206
207
208
209
209
209
209
209
210
211
209
209
209
209
212
212
212
212
212
213
212
214
212
212
212
215
216
217
218
219
220
221
221
222
221
215
221
216
223
221
215
224
215
217
225
216
221
216
226
227
219
221
215
221
221
215
228
227
221
215
229
230
231
232
233
234
235
236
237
238
239
240
241
242
243
244
245
246
247
245
248
249
245
250
251
252
253
253
254
255
256
257
257
257
258
257
257
257
257
257
259
257
260
257
257
257
257
257
257
257
257
261
262
263
257
257
257
264
261
257
257
257
257
265
257
257
259
257
257
257
266
257
257
257
257
257
257
267
268
257
257
269
257
257
257
257
270
257
257
257
257
257
271
257
272
273
261
261
261
274
275
257
257
257
257
257
276
277
257
257
257
257
257
257
265
257
257
257
257
278
279
257
257
261
257
274
257
274
280
257
257
261
281
257
282
257
283
284
285
257
257
286
287
257
288
289
290
291
290
292
288
290
290
288
290
293
294
295
296
294
297
298
299
300
301
302
303
304
305
294
294
294
294
306
307
308
309
310
311
310
309
312
309
313
314
315
310
309
314
310
309
316
317
317
318
319
320
321
322
323
324
325
326
327
328
329
330
331
332
333
323
334
335
336
337
338
331
339
340
341
342
343
344
345
346
347
348
349
350
351
352
353
323
354
355
356
357
358
359
360
361
362
363
364
323
365
366
367
368
262
369
370
371
372
373
374
323
375
376
377
378
379
380
381
382
383
384
323
385
386
387
388
389
390
391
392
367
393
342
394
395
396
397
398
399
400
401
323
402
403
404
405
406
407
408
409
410
411
412
413
414
415
416
417
381
418
419
420
389
421
422
423
424
425
426
427
375
428
429
430
431
432
433
434
323
326
435
436
437
438
439
440
441
442
443
444
445
446
447
448
449
450
451
452
453
454
359
455
456
457
458
459
453
460
461
462
463
464
465
466
467
468
469
340
470
471
472
473
342
474
475
476
366
477
478
479
480
481
221
482
483
484
485
486
487
488
489
490
491
492
493
494
495
496
497
498
458
499
500
501
342
502
503
504
505
506
507
389
342
411
342
508
381
509
510
511
512
513
514
515
505
516
342
517
518
519
520
521
367
522
523
366
380
524
525
526
359
527
323
528
529
389
342
530
531
532
533
534
535
536
537
538
539
538
538
540
538
538
538
538
541
538
538
538
538
538
538
538
538
538
538
542
538
538
538
538
538
543
538
538
538
538
544
545
546
547
548
548
549
550
549
551
552
553
554
555
556
557
558
559
560
561
562
561
560
561
561
563
561
564
565
566
567
567
568
567
569
570
571
572
573
574
575
576
577
578
579
580
581
582
583
584
262
585
586
587
567
588
589
590
591
592
567
567
217
593
594
595
217
596
597
598
567
599
600
601
602
603
217
604
605
606
217
607
608
609
567
610
567
567
611
612
613
614
576
615
616
617
618
567
619
620
217
621
622
623
624
625
626
627
628
629
630
631
632
633
634
635
636
637
634
638
639
640
641
638
639
638
642
638
643
644
645
639
638
646
647
648
649
650
651
652
653
654
655
655
655
656
655
657
658
659
655
655
655
660
655
655
661
662
663
664
655
655
655
655
665
666
667
655
668
655
669
655
655
655
655
655
670
655
655
671
672
673
674
675
676
677
678
674
679
680
681
682
683
684
685
686
687
687
688
674
689
690
691
692
693
694
695
674
674
696
687
687
687
697
698
699
700
674
687
701
674
674
702
703
704
705
706
707
708
709
709
709
709
709
708
709
709
709
710
709
709
709
709
709
709
711
221
221
221
712
221
221
713
221
714
221
715
716
221
221
221
221
717
718
221
221
221
221
221
221
221
221
221
221
221
221
719
221
221
221
221
720
721
722
723
724
725
221
221
221
726
727
728
221
221
221
729
221
221
221
221
221
221
221
730
731
221
221
221
732
221
733
221
221
734
735
221
736
221
730
221
730
221
221
221
221
221
721
221
737
221
221
221
221
738
221
739
221
740
221
221
741
742
743
744
745
746
747
748
749
750
751
752
753
196
754
196
196
196
755
756
196
196
757
196
758
196
759
760
761
762
763
196
196
196
760
764
196
765
766
196
196
767
196
196
196
756
196
196
768
769
196
196
770
196
196
196
760
196
196
196
196
196
196
196
196
196
196
196
768
196
31
196
771
196
760
196
772
773
196
774
775
196
776
777
778
779
780
196
196
760
196
781
782
760
756
783
784
785
196
784
196
196
196
196
786
787
788
789
790
791
790
792
793
789
794
792
789
789
789
789
795
792
796
797
798
796
799
800
801
798
802
803
804
805
806
807
808
809
807
810
811
812
813
814
815
816
817
809
818
819
820
805
821
822
823
824
825
826
826
827
825
825
828
829
830
831
832
833
831
834
833
835
836
837
838
839
840
841
842
829
839
843
844
845
846
847
839
835
848
831
829
849
839
850
851
852
853
854
855
855
855
856
855
855
855
855
857
855
857
855
858
855
856
855
857
855
855
859
859
860
859
859
861
861
859
861
859
859
859
859
860
862
863
864
865
866
867
868
869
870
871
872
873
874
875
876
877
878
879
880
881
882
883
884
885
886
869
887
869
888
889
890
891
890
892
884
893
894
895
896
897
876
898
899
900
901
902
903
873
904
905
906
907
908
909
910
911
912
913
873
914
915
916
917
918
919
920
921
922
923
924
925
926
927
928
884
929
930
931
932
873
933
901
934
935
936
937
938
939
940
941
911
942
943
944
945
946
947
948
943
949
950
951
952
734
943
953
734
734
943
954
734
942
955
734
734
943
734
734
956
956
957
734
734
958
734
959
734
734
960
945
961
962
945
963
734
964
965
945
734
734
956
734
966
734
734
967
968
734
969
734
970
951
971
734
972
734
973
974
965
961
971
734
972
975
973
734
968
734
734
976
734
963
972
734
971
977
945
972
978
734
734
734
979
734
980
981
982
734
983
734
943
734
965
956
984
985
956
734
943
734
986
987
972
734
734
945
943
734
988
734
734
734
734
951
734
970
734
734
989
965
943
734
734
734
943
990
954
734
734
734
943
945
991
992
993
994
995
950
943
996
989
734
997
998
999
1000
997
1001
1002
1003
1004
999
1005
1006
1007
1008
1009
1010
1011
1012
1013
1014
1015
1016
1017
1018
1019
1020
1021
1014
1022
1023
1024
1025
1026
1027
1028
1029
1030
1031
1032
1033
1034
1035
1036
1037
1038
1039
1040
1041
1042
1043
1041
1038
1044
1043
1045
1046
1047
1048
1049
1047
1048
1050
1051
1052
1053
1054
1055
1056
1057
1058
1059
1060
1061
1062
1062
1060
1062
1062
1060
1062
1062
1063
1064
1065
1066
1067
1068
1069
1070
1062
1062
1071
1062
1071
1062
1070
1072
1073
1062
1062
1060
1062
1064
1062
1062
1074
1071
1062
1062
1075
1062
1076
1077
1078
1060
1079
1080
1062
1072
1062
1062
1081
1082
1083
1084
1085
1086
1087
1088
1089
1090
1091
1092
1093
1090
1094
1095
1096
1097
1098
1099
1100
1090
1094
1094
1101
1102
1103
1104
1105
1097
1106
1090
1107
1108
1109
1090
1093
1093
1110
1111
1112
1094
1113
1114
1115
1082
1113
1113
1116
1117
1118
1119
1090
1120
1121
1094
1122
1123
1094
1124
1125
1095
1126
1127
1113
1128
1129
262
1130
1131
1132
1133
1134
1135
1136
1135
1137
1138
1134
1139
1140
1141
1134
1142
1143
1144
1145
1134
1146
1147
1148
1149
1150
1151
1152
1153
1136
1154
1136
1134
1155
1156
1157
1141
1158
1159
1160
1141
1161
1141
1141
1162
1163
1134
1164
1165
1166
1167
1168
1169
1170
1171
1172
1173
1174
1175
1172
1171
1176
1172
1171
1177
1178
1179
1180
1179
1181
1179
1179
1182
1183
1184
1185
1186
1187
1188
1179
1179
1188
1189
1179
1179
1190
1179
1179
1179
1191
1192
1179
1179
1179
1179
1179
1193
1179
1179
1179
1194
1195
1179
1196
1197
1179
1179
1198
1199
1200
1179
1201
1202
1203
1179
1204
1188
1179
1179
1205
1179
1206
1207
1179
1208
1209
1179
1210
1211
1179
1179
1212
1179
1213
1205
1214
1179
1179
1215
1179
1216
1203
1201
1179
1217
1179
1218
1219
1179
1220
1179
1179
1221
1179
1179
1222
1179
1179
1223
1179
1224
1225
1179
1226
1227
1179
1228
1229
1179
1179
1230
1231
1232
1205
1233
1234
1235
1179
1179
1236
1237
1238
1179
1239
1179
1240
1241
1242
1179
1243
1179
1179
1244
1179
1179
1179
1245
1205
1179
1246
1247
1248
1217
1179
1249
1250
1179
1179
1179
1251
1179
1252
1179
1253
1254
1179
1255
1256
1179
1257
1179
1258
1259
1179
1260
1261
1262
1263
1264
1179
1265
1266
1179
1179
1236
1179
1267
1268
1194
1269
1270
1179
1271
1205
1179
1179
1179
1179
1272
1273
1250
1274
1275
1276
1179
1277
1179
1278
1279
1280
1281
1282
1283
1179
1179
1179
1179
1284
1285
1286
1287
1288
1179
1289
1290
1291
1292
1179
1179
1293
1294
1179
1179
1295
1179
1296
1297
1298
1299
1179
1179
1300
1220
1301
1302
1179
1179
1179
1179
1179
1303
1304
1305
1306
1307
1179
1179
1308
1179
1309
1179
1310
1179
1247
1311
1312
1313
1314
1315
1316
1317
1318
1319
1320
1321
1322
1323
1321
1324
1325
1326
1322
1327
1328
1322
1329
1330
1331
1332
1333
1334
1335
1336
1337
1338
1339
1340
1341
1342
1341
1343
1341
1341
1341
1344
1345
1341
1341
1341
1346
1341
1341
1347
1341
1348
1349
1341
1350
1341
1341
1341
1351
1341
1352
1353
1341
1345
1354
1355
1341
1356
1357
1341
1341
1341
1341
1341
1358
1341
1359
1341
1360
1341
1341
1341
1341
1361
1362
1341
1363
1364
1365
1360
1366
1367
1341
1368
1341
1369
1370
1360
1341
1341
1341
1341
1371
1372
1341
1341
1373
1341
1341
1341
1341
1341
1360
1374
1341
1375
1341
1376
1377
1376
1378
1379
1380
1381
1382
1383
1384
1376
1383
1376
1379
1385
1379
1386
1387
1388
1389
1390
1391
1392
1393
1394
1395
1396
1397
1398
1399
1400
1401
1402
1403
1392
1404
1405
1406
1392
1407
1408
1409
1410
1410
1410
1410
1410
1410
1411
1410
1410
1410
1412
1413
1414
1415
1416
1417
1410
1410
1410
1410
1410
1418
1419
1420
1420
1410
1421
1422
1410
1423
1424
1425
1426
1427
1428
1429
1430
1431
1432
1433
1434
1435
1436
1436
1437
1438
1433
1436
1438
1432
1439
