14
14
14
25
25
25
25
25
18
25
25
25
25
25
25
25
25
25
25
25
25
25
25
25
16
25
25
2
2
2
2
2
2
2
2
2
18
18
18
18
11
11
11
11
11
11
2
11
11
11
11
11
11
11
11
11
2
11
11
11
11
11
11
11
11
11
11
2
2
60
60
60
60
60
60
60
60
60
60
60
4
14
2
46
46
46
46
2
46
46
46
46
46
46
46
2
46
46
46
46
46
46
46
46
46
46
14
87
87
2
2
87
87
87
87
87
87
87
87
2
87
87
87
87
87
87
87
87
87
87
87
87
87
87
87
87
87
87
87
4
87
87
87
87
87
87
2
2
64
2
64
64
64
64
64
64
64
64
64
64
64
64
64
64
64
64
64
64
64
64
64
64
64
64
64
64
64
64
64
64
2
48
85
10
10
10
85
10
10
10
10
10
85
10
85
10
85
10
10
10
2
10
85
10
10
2
10
10
10
10
10
10
10
10
2
10
85
10
10
10
10
10
10
10
10
10
85
10
10
59
10
2
10
48
10
10
10
14
85
85
10
2
2
2
68
68
68
73
42
9
73
42
42
73
42
73
42
73
42
73
42
73
2
73
42
42
73
42
42
42
42
73
73
55
2
2
55
2
2
55
2
2
2
2
55
55
2
2
2
2
2
2
2
2
2
52
9
2
2
2
2
2
2
83
83
83
83
83
83
83
83
83
83
9
2
9
1
1
1
1
1
1
1
1
1
1
1
1
1
1
1
1
1
1
1
1
1
1
1
1
1
1
1
1
1
1
1
1
1
1
1
1
30
30
30
30
30
30
71
71
71
2
71
30
30
30
71
30
30
30
71
30
30
30
30
71
71
71
30
30
36
36
2
36
36
36
36
36
36
36
36
36
2
2
27
27
27
27
27
27
27
27
2
2
2
2
2
16
38
38
38
38
38
38
38
38
38
38
38
37
37
37
37
37
2
37
2
37
37
37
8
8
8
2
8
8
8
8
8
8
8
8
8
16
8
8
2
8
8
2
8
8
8
16
8
8
8
8
8
8
8
8
8
8
8
8
2
2
2
2
2
2
2
2
18
16
2
2
4
2
2
2
2
2
2
2
2
2
2
2
2
2
2
2
2
22
22
22
22
22
22
22
57
57
22
22
22
22
22
57
22
22
22
22
22
22
50
75
22
57
22
57
22
50
22
22
22
57
22
22
22
22
22
22
22
22
22
22
22
22
22
22
22
22
22
22
22
22
57
57
22
22
57
57
57
57
22
22
22
22
22
50
50
50
22
22
22
22
22
22
22
50
22
22
57
22
22
22
57
22
22
22
57
22
22
22
57
22
50
57
22
22
22
22
22
57
50
22
57
22
22
22
22
22
22
57
22
22
57
58
58
58
2
58
2
58
58
58
58
58
32
32
32
32
32
2
32
2
32
32
2
2
2
2
32
32
32
32
2
54
54
54
54
54
54
54
2
54
2
54
54
54
54
54
54
54
27
27
27
2
2
2
3
19
35
19
3
35
2
3
3
3
3
2
3
35
3
35
3
3
3
3
3
3
35
19
35
19
19
3
35
2
3
4
35
19
3
35
35
3
3
2
3
3
2
35
19
3
3
35
3
3
3
2
75
3
19
3
2
19
35
35
3
2
2
2
3
19
75
59
3
16
35
35
2
2
19
3
3
3
3
3
3
19
2
19
7
2
3
68
2
2
35
3
2
3
35
3
19
2
3
3
3
19
35
2
2
3
2
75
3
3
19
3
3
3
3
2
2
19
3
3
35
3
3
19
35
19
19
35
35
3
3
3
3
68
3
19
19
2
2
35
3
35
2
3
19
3
3
35
2
3
3
3
3
3
3
35
3
3
3
19
3
19
19
3
35
3
3
3
2
3
2
19
2
19
3
3
3
2
3
2
3
8
35
2
3
3
3
2
3
3
2
3
3
3
3
2
19
3
35
3
19
3
3
19
3
3
3
2
2
2
3
19
3
19
3
75
3
35
3
3
3
3
3
2
3
19
19
3
3
3
7
3
3
19
3
19
3
3
3
3
2
35
3
3
3
19
2
2
2
2
2
2
2
2
56
2
56
56
19
56
56
56
56
19
7
56
56
56
56
56
56
56
56
56
2
56
56
56
56
56
19
56
56
56
56
2
2
2
2
84
84
84
2
84
84
84
2
84
33
33
33
33
33
33
33
33
33
33
33
33
29
33
2
2
16
88
88
16
88
16
16
16
16
16
25
16
88
2
16
16
16
16
16
16
16
75
16
2
16
16
16
16
2
16
16
88
88
74
16
16
16
74
16
16
88
88
16
16
16
16
16
74
16
16
16
74
16
16
16
16
16
88
16
16
16
16
16
88
16
2
16
16
88
16
16
74
16
16
16
2
16
16
16
16
2
2
2
2
2
2
2
2
2
2
61
61
61
61
61
61
61
61
61
61
61
61
61
61
61
61
61
2
2
2
17
2
17
17
17
17
17
17
17
17
2
17
17
17
17
17
17
2
17
17
17
17
17
17
17
2
2
17
17
2
17
17
17
17
17
17
17
17
17
17
65
18
65
65
2
65
65
65
65
65
18
65
65
65
7
18
2
18
18
65
65
18
18
18
65
18
18
65
65
65
65
18
18
18
7
2
65
18
65
18
65
65
65
2
2
2
2
2
2
24
24
24
24
24
24
24
24
24
24
24
24
24
24
24
24
24
7
13
13
80
13
80
80
13
13
2
80
13
13
13
13
13
8
13
13
13
80
80
13
80
80
13
80
80
13
80
13
80
80
80
80
80
13
13
80
13
13
4
80
80
80
13
13
13
13
80
80
13
13
80
80
80
80
13
13
4
13
80
80
80
13
80
13
13
80
13
13
13
2
80
4
13
4
13
80
13
80
13
13
13
13
13
13
13
13
13
80
4
13
13
80
13
18
2
7
18
18
18
18
18
2
7
18
2
2
53
16
53
16
9
36
62
82
53
9
9
82
53
53
9
62
16
53
82
62
62
9
2
82
16
30
82
53
62
53
53
82
62
62
53
9
82
53
53
62
9
16
62
9
62
53
9
53
53
53
62
53
62
36
53
9
9
2
53
53
62
9
53
16
16
62
82
82
53
62
53
9
62
2
62
62
9
62
36
2
9
62
62
62
2
9
62
53
82
82
53
53
62
86
41
86
86
86
86
86
41
86
86
41
41
41
41
2
86
2
2
2
2
2
2
2
2
2
2
2
2
2
48
2
2
48
2
2
2
9
2
2
2
2
2
2
2
2
2
2
2
2
2
15
2
2
2
15
15
14
14
14
14
14
14
14
14
14
14
14
2
14
14
14
14
14
14
14
2
14
2
14
14
14
14
14
14
14
14
14
68
2
14
14
14
81
81
81
81
81
81
81
81
2
81
2
81
19
81
81
81
2
81
81
34
34
48
34
34
34
34
34
34
34
34
34
34
48
2
29
29
29
29
29
29
29
29
29
29
29
29
29
29
29
29
29
2
29
29
29
29
29
29
29
2
29
29
29
29
29
29
29
29
29
29
29
58
29
29
29
29
29
29
29
29
29
29
29
2
2
29
29
2
29
29
29
29
29
29
29
30
29
29
29
29
29
29
29
29
29
29
29
29
2
29
2
29
29
29
29
29
29
29
29
29
29
29
29
29
26
39
0
39
26
39
0
39
72
0
39
0
31
39
26
31
0
39
0
31
26
0
26
26
26
0
31
0
0
26
0
31
0
31
0
0
0
58
39
0
26
39
39
31
26
26
39
0
31
0
31
26
0
31
35
39
0
2
31
26
39
0
31
26
0
26
26
26
0
0
26
26
39
26
0
39
0
0
26
0
39
26
0
0
0
26
26
39
0
0
31
26
31
0
26
0
0
0
31
26
0
26
0
26
0
26
31
26
0
0
26
26
0
31
39
39
0
2
31
0
0
31
39
0
26
0
0
26
26
39
31
0
0
39
26
0
0
26
0
26
39
26
0
39
0
2
0
39
0
26
31
48
48
48
48
48
48
48
48
48
48
48
48
48
48
48
2
48
48
48
2
2
2
2
2
2
2
2
2
2
2
2
2
2
2
2
2
2
2
2
2
2
2
2
2
59
59
59
59
59
59
59
59
59
59
59
59
2
2
2
2
2
2
2
2
0
2
2
2
2
2
2
15
2
47
47
15
47
5
15
47
47
5
5
5
5
5
5
5
5
47
5
5
47
5
5
5
5
5
47
47
15
47
5
47
47
5
5
47
47
5
47
5
5
5
15
5
5
47
5
47
5
5
4
4
4
49
4
4
4
4
69
49
4
4
69
49
4
4
4
4
4
4
69
49
49
4
2
4
2
4
4
2
69
4
49
4
69
4
4
4
2
4
49
4
4
49
4
4
4
2
4
49
4
69
2
4
49
4
49
49
49
2
4
4
4
4
4
63
75
63
12
12
63
12
63
63
63
12
2
12
63
63
12
12
63
2
12
63
12
12
12
2
63
63
2
63
63
63
12
63
12
12
12
12
12
12
12
12
12
12
12
12
63
12
12
2
12
12
63
12
63
63
40
40
2
40
2
40
40
2
40
40
40
66
68
76
68
68
51
43
7
66
78
23
70
19
7
7
43
7
7
23
78
7
77
7
68
7
43
7
77
23
78
28
28
43
28
7
68
7
68
2
7
7
28
7
76
7
70
76
7
76
77
7
7
78
43
66
7
7
7
28
23
76
7
43
7
78
23
78
68
7
66
43
70
68
68
68
7
76
76
7
7
70
7
23
28
7
68
43
7
51
28
23
23
70
7
70
7
7
70
7
66
68
2
68
68
78
7
78
7
66
78
10
7
77
7
78
18
7
78
68
78
68
68
68
28
16
23
23
76
77
51
7
70
66
7
68
7
7
7
7
7
7
51
23
28
76
78
23
51
68
2
7
2
7
28
68
7
68
2
70
7
70
68
78
23
43
2
7
28
78
78
23
7
7
68
7
7
43
23
66
28
70
23
28
7
7
7
7
2
28
28
7
51
70
7
7
2
7
68
68
7
51
78
7
7
7
23
7
68
7
43
2
43
77
51
7
7
28
43
28
68
7
7
2
7
78
78
70
7
7
7
7
78
68
77
28
7
7
7
70
23
28
28
43
68
78
28
23
70
7
2
2
2
2
2
2
2
72
72
72
72
72
72
72
72
72
72
72
72
72
72
72
72
2
63
63
2
2
2
2
2
2
21
52
21
79
21
52
52
52
52
2
52
67
21
2
79
52
21
52
21
2
67
52
52
67
52
52
67
21
52
52
2
2
21
52
21
21
52
79
79
2
52
52
52
2
52
21
67
79
52
52
2
52
52
21
2
52
21
52
2
21
2
52
52
21
21
67
79
52
52
52
21
52
21
2
79
52
52
21
67
21
52
79
52
67
45
2
45
45
45
45
2
45
45
45
45
45
45
45
45
45
44
44
44
44
44
44
44
44
44
44
44
44
44
44
44
44
4
44
44
44
44
44
44
2
6
2
6
6
6
6
6
6
6
6
6
6
6
6
2
2
5
2
6
6
6
6
6
6
52
6
6
6
5
5
6
2
2
7
2
2
2
2
2
2
14
20
4
20
20
20
20
20
20
20
20
14
20
