3
3
3
3
3
23
23
21
39
14
21
23
23
23
21
21
21
14
3
23
23
21
23
23
21
23
21
3
3
3
3
3
86
86
86
86
3
3
3
3
38
38
3
38
38
3
3
38
38
38
38
45
45
38
38
38
3
38
45
38
45
38
45
38
38
38
45
53
3
68
3
3
3
3
68
3
3
3
68
3
3
64
3
64
64
3
64
0
64
64
64
64
64
64
64
0
64
64
64
64
64
64
64
64
64
64
64
62
62
10
62
62
62
62
10
62
62
10
62
3
62
62
62
62
62
62
10
62
10
62
62
62
62
62
62
62
62
62
62
10
62
62
62
62
62
62
10
3
29
3
29
29
29
29
29
29
29
29
29
29
29
29
29
29
29
29
29
3
29
29
3
29
29
29
29
29
29
29
29
29
29
60
82
12
12
12
82
12
12
82
12
12
82
3
82
12
82
82
12
68
82
12
82
12
12
82
12
12
12
12
12
12
12
12
3
12
82
12
82
12
12
12
12
12
82
3
82
12
12
28
12
3
12
60
12
12
12
82
82
82
12
3
3
52
52
3
52
80
71
54
80
71
58
80
71
80
71
80
71
80
71
80
71
3
71
71
80
58
71
80
58
80
80
0
0
0
0
0
0
0
0
3
3
0
0
0
3
3
40
3
3
3
3
40
3
18
54
3
3
3
3
3
3
65
65
65
65
65
65
65
65
65
65
17
3
17
3
61
22
22
22
22
61
3
3
61
22
22
22
61
61
22
22
22
22
22
22
61
61
22
22
58
22
22
22
22
22
61
22
61
61
61
27
27
27
27
27
27
27
27
27
27
27
27
27
27
27
27
27
27
27
27
27
27
27
27
27
27
27
3
51
51
51
51
51
51
51
51
51
51
51
51
51
51
48
48
48
48
48
48
48
48
68
3
3
3
68
72
72
72
72
72
72
72
72
72
72
72
72
49
49
49
49
49
49
68
49
68
49
49
5
56
23
5
68
56
56
56
56
56
5
56
5
5
56
56
5
5
56
5
5
56
5
3
3
68
56
56
56
56
56
5
3
56
5
56
3
0
54
0
0
3
3
3
3
14
0
3
3
0
3
83
3
83
83
83
3
83
3
83
3
3
3
3
3
59
59
43
57
59
59
8
43
43
57
57
59
59
43
43
43
57
59
59
57
57
67
59
57
43
57
43
57
67
59
59
59
43
59
57
59
57
43
43
57
59
57
57
57
57
57
59
59
57
59
57
57
57
43
43
57
59
43
43
43
43
57
59
59
59
43
67
67
67
59
57
8
59
59
59
57
67
57
43
43
8
59
59
43
59
43
59
43
8
59
59
43
57
67
43
59
59
59
59
43
43
67
59
43
57
43
59
59
57
57
43
59
59
43
30
30
30
30
30
3
30
30
30
30
30
42
42
42
42
42
3
42
42
42
42
42
42
42
42
42
42
42
42
3
75
75
75
75
75
3
75
3
75
3
75
75
75
75
75
75
75
48
48
48
3
16
16
16
41
16
41
16
11
16
78
78
76
16
53
82
11
78
11
16
16
16
11
11
16
83
41
16
41
11
16
16
11
76
3
11
41
11
11
11
78
16
68
16
16
78
11
41
78
16
11
76
16
16
16
11
16
41
76
16
41
11
11
16
16
11
78
11
41
16
28
16
16
11
11
16
16
41
16
16
78
16
16
41
41
16
41
16
16
16
16
16
16
11
16
16
76
11
76
3
41
16
16
41
41
11
41
16
16
40
76
76
40
41
16
78
16
16
16
76
41
16
16
78
82
78
41
11
41
41
11
11
78
16
76
41
3
76
41
41
41
16
11
16
11
16
76
41
82
16
11
16
16
16
82
11
16
16
16
16
76
16
41
16
41
41
16
11
16
16
11
16
78
16
41
41
16
76
16
40
3
16
11
78
56
11
16
16
16
16
78
76
16
3
16
76
78
40
78
16
11
11
76
41
16
16
41
78
16
16
16
41
16
16
41
16
41
16
40
16
41
40
16
78
16
16
16
16
41
41
16
41
78
41
16
78
41
16
41
16
16
11
16
16
11
16
11
83
41
3
3
3
3
68
3
3
68
32
3
32
32
32
32
32
32
32
3
32
32
32
32
32
32
32
32
32
32
3
32
32
32
32
32
3
32
32
32
32
3
3
3
3
3
3
3
3
3
3
3
3
3
68
68
68
68
68
68
68
68
68
68
68
68
3
68
68
68
31
31
31
31
31
31
21
14
31
21
31
31
31
31
31
3
31
21
23
31
31
3
21
3
31
31
31
21
3
21
21
31
31
23
21
31
23
23
5
31
31
31
31
31
31
21
3
23
31
31
31
23
31
31
31
31
31
31
31
31
31
31
31
31
14
21
31
23
31
21
21
23
31
23
23
31
31
21
31
14
54
54
54
54
54
54
54
54
54
54
84
84
84
84
84
84
84
84
84
84
84
84
84
84
84
84
84
28
28
39
25
25
25
25
25
25
25
25
25
25
25
25
25
25
25
25
25
25
25
25
3
25
25
25
25
25
25
25
25
53
25
25
25
25
25
25
25
25
25
25
69
4
69
69
39
69
69
69
69
69
39
69
69
69
3
3
69
39
39
69
69
69
5
3
69
39
39
69
69
69
69
39
39
39
39
39
56
39
69
39
69
69
69
3
3
3
72
3
53
47
47
47
47
47
47
47
47
47
47
47
47
47
47
47
47
47
52
37
37
6
3
6
6
6
37
3
6
3
6
6
37
6
56
37
6
37
6
6
37
6
6
37
6
6
37
6
6
6
6
6
6
6
6
6
6
3
6
3
6
6
6
37
6
6
37
6
6
3
37
6
6
6
6
37
6
6
6
6
6
6
6
6
6
6
6
6
6
37
6
6
6
6
6
6
6
6
37
37
6
6
6
6
6
6
37
6
6
3
6
6
6
37
3
3
3
3
39
3
39
39
45
39
39
3
3
33
17
33
14
19
3
17
19
33
33
19
19
33
33
17
17
33
33
19
17
17
17
14
19
14
17
19
33
17
51
33
19
17
17
33
19
19
33
33
17
19
14
17
51
17
33
19
19
33
33
17
33
17
19
33
19
19
45
33
33
17
17
19
17
14
17
19
14
33
17
51
17
17
3
17
17
17
17
3
33
51
17
17
17
3
19
17
33
19
19
33
33
17
14
50
73
50
73
73
73
50
73
73
50
50
50
50
3
73
3
3
3
3
3
3
28
3
3
3
3
49
3
60
49
3
60
82
49
49
3
3
3
3
12
3
49
49
3
49
49
49
3
3
66
3
3
3
66
66
3
3
0
3
3
0
3
0
0
3
0
3
3
21
3
3
3
3
21
3
83
3
58
3
21
0
3
3
3
3
21
3
3
0
3
3
46
46
46
46
46
46
46
46
46
46
46
46
46
46
46
46
46
46
46
44
44
60
44
44
44
44
44
44
44
44
44
44
60
44
88
88
88
88
88
88
88
88
15
15
88
88
88
88
15
88
88
15
88
88
88
88
4
88
88
3
88
88
88
15
88
15
4
88
88
15
88
88
4
88
88
88
88
88
88
88
15
88
88
88
3
88
4
3
88
88
15
15
88
52
88
88
3
88
88
88
88
88
88
88
88
88
88
88
88
4
88
88
15
88
88
15
88
15
15
3
52
3
4
88
34
20
20
20
34
86
34
34
20
20
86
20
63
34
34
9
20
20
20
9
34
34
34
34
34
20
9
20
20
34
63
9
63
9
34
63
20
3
34
20
34
20
34
9
20
87
34
63
9
20
9
34
63
9
63
86
9
20
9
20
34
0
9
34
63
86
20
87
20
20
34
34
86
86
63
86
63
63
34
63
34
34
63
0
20
34
34
86
63
63
9
20
9
63
34
63
63
63
9
34
20
87
20
34
63
20
9
34
63
20
34
34
63
9
34
34
63
3
9
20
20
63
34
63
20
20
63
34
87
34
9
63
9
34
34
20
63
34
63
34
34
34
20
34
34
3
63
34
20
34
9
60
60
60
60
60
60
60
60
60
60
60
60
3
60
60
48
60
60
60
3
3
3
3
3
83
53
3
3
3
3
3
3
3
3
3
3
3
53
3
3
3
3
3
53
28
28
53
28
28
28
28
28
28
28
28
28
53
53
3
53
53
3
3
3
3
3
3
3
3
3
3
66
5
74
74
66
74
3
66
74
74
66
3
3
66
3
74
74
74
74
74
3
74
3
74
74
3
66
74
74
66
74
3
74
74
74
3
74
74
3
74
66
74
66
66
74
74
74
3
74
74
56
24
24
24
70
3
24
24
24
24
70
24
24
24
70
24
24
24
24
24
24
24
70
70
24
3
24
24
24
24
3
24
24
70
24
24
24
24
24
24
24
70
24
24
70
24
24
24
3
24
70
24
24
24
24
70
24
70
70
70
24
24
24
24
24
24
35
35
35
13
13
83
13
35
35
35
35
13
13
35
35
35
13
35
53
13
13
13
35
35
35
35
35
53
35
35
35
35
35
13
13
13
13
35
13
13
13
13
13
35
35
35
35
13
3
13
35
35
13
13
35
53
53
53
53
53
53
53
53
53
53
53
52
52
52
52
52
2
81
2
2
36
2
36
52
2
81
81
1
2
18
36
81
52
52
52
2
81
52
52
18
36
52
2
81
1
52
52
36
52
2
2
52
1
2
81
2
2
2
2
52
52
81
2
36
81
52
2
36
2
52
18
52
52
81
52
36
18
36
52
2
2
81
36
52
52
52
1
52
2
36
2
2
2
2
1
2
52
81
2
2
1
18
18
36
52
2
2
2
2
2
2
52
36
52
52
36
2
36
2
2
36
2
2
52
2
36
36
2
36
81
36
52
52
52
1
2
18
18
2
52
2
52
2
52
2
52
2
2
36
52
2
18
2
18
2
2
36
2
2
52
2
2
36
1
52
81
2
52
52
2
52
52
52
2
18
81
2
2
1
36
52
18
2
2
52
1
2
81
18
2
1
2
18
52
81
2
18
2
36
1
1
2
2
52
2
36
39
2
52
52
36
2
36
2
2
2
18
52
52
2
81
52
81
52
2
2
18
1
81
52
52
2
2
2
2
36
36
36
2
2
2
3
36
52
52
1
52
2
2
2
2
52
52
81
36
52
52
2
2
2
3
3
3
3
3
3
47
87
87
87
87
87
87
87
87
87
87
87
87
87
87
87
87
3
49
3
3
60
60
3
60
60
7
7
77
3
77
7
7
7
7
77
7
7
7
3
3
7
77
7
77
77
0
7
7
3
77
77
0
77
7
7
77
7
7
7
77
77
3
3
77
7
7
7
7
77
7
77
3
7
7
7
7
7
7
77
3
7
77
7
7
77
82
7
7
77
77
7
7
7
7
7
77
7
7
3
7
7
7
77
7
77
7
3
7
77
85
85
85
85
85
85
85
85
85
85
85
85
85
85
85
85
40
79
79
79
40
79
79
40
79
79
79
79
40
79
40
40
79
40
79
79
79
79
40
3
26
26
26
26
55
55
55
55
26
26
55
55
26
26
3
26
26
3
55
55
55
55
55
26
3
26
26
26
3
5
26
53
3
3
3
3
3
3
9
3
3
3
3
0
0
0
3
3
3
0
3
3
3
