70
70
70
70
70
70
70
70
70
1
70
1
1
1
1
1
1
1
1
1
1
1
1
1
1
1
1
70
70
70
70
70
70
70
70
70
70
70
70
70
70
70
70
70
70
70
70
70
84
84
84
74
74
84
70
70
70
84
74
84
74
84
74
84
84
84
74
70
70
70
70
70
70
70
70
70
70
70
70
70
70
70
70
70
70
70
70
70
70
70
70
70
70
70
70
70
70
70
70
70
70
70
70
70
70
70
70
70
70
70
70
70
70
70
70
61
61
70
70
70
70
61
61
61
61
61
61
70
61
61
61
61
61
61
61
61
61
61
61
70
61
61
61
61
61
61
61
70
70
70
70
70
70
70
70
46
70
46
70
70
70
46
70
46
70
46
46
70
46
46
70
46
46
46
46
46
46
70
46
46
46
70
70
70
70
70
70
70
70
70
78
70
70
70
78
70
78
78
78
70
78
78
78
70
33
70
78
78
70
78
78
78
78
78
70
78
78
33
70
33
78
33
33
78
70
70
78
33
33
82
78
70
78
70
33
33
33
82
82
78
33
70
70
70
70
70
70
70
70
70
70
70
70
70
70
70
70
70
70
70
70
70
70
70
70
70
70
70
70
70
70
70
70
70
70
70
70
70
70
70
70
70
70
70
70
70
70
70
70
70
70
70
70
70
70
70
70
70
70
70
70
70
70
70
70
70
70
70
70
70
70
70
70
70
70
70
70
70
70
70
70
70
70
70
70
70
70
70
70
27
70
70
70
70
70
27
70
27
70
27
70
70
70
27
27
27
27
27
27
27
27
27
70
70
70
70
70
70
70
70
70
70
70
70
70
70
70
70
70
70
70
70
70
70
70
70
70
70
70
70
70
70
70
70
70
70
70
70
70
70
70
70
70
70
70
70
70
70
70
70
70
70
70
70
70
70
70
70
70
70
70
70
70
70
70
70
70
70
70
70
70
70
70
70
70
70
70
70
70
70
70
70
70
70
70
70
70
80
70
80
70
80
70
70
80
80
80
70
80
70
80
50
80
70
70
80
80
80
80
80
50
70
70
50
80
50
70
70
70
70
70
70
70
70
70
70
70
70
70
70
70
70
70
70
70
70
70
70
70
70
70
70
70
70
70
70
70
70
70
70
70
70
70
70
70
70
67
67
67
67
70
67
67
67
67
67
70
67
67
67
67
67
67
70
67
67
26
67
67
67
67
67
67
26
67
26
67
67
67
26
26
26
26
67
26
26
63
26
5
5
67
26
5
5
26
5
26
63
26
26
26
70
70
70
26
26
5
52
5
5
63
70
26
5
55
5
5
5
5
5
5
20
55
5
63
35
5
63
70
55
5
5
5
5
55
55
70
52
5
63
55
52
52
63
63
55
55
52
55
70
70
70
70
70
70
70
70
70
70
70
70
70
70
70
70
70
70
70
70
70
70
70
70
70
70
70
70
70
70
70
70
70
70
70
70
70
70
70
70
70
70
70
70
70
70
70
70
70
70
70
70
70
70
70
70
70
70
70
70
70
70
70
70
70
70
17
70
70
70
70
17
70
70
70
70
70
17
17
70
70
17
17
70
70
17
70
17
17
17
70
17
17
17
17
17
17
70
17
17
15
17
17
42
17
17
17
70
17
17
70
17
15
3
17
17
17
17
17
17
70
17
42
17
17
17
17
17
42
17
15
17
3
70
47
17
47
42
17
17
42
17
17
34
17
17
25
15
42
70
17
17
3
42
70
15
17
17
42
15
42
42
17
47
42
17
17
42
42
42
70
42
3
17
17
17
42
17
47
66
58
17
17
42
17
66
70
17
70
66
47
42
15
3
15
42
3
47
42
42
17
42
3
42
25
58
42
3
25
42
42
25
47
25
66
47
42
58
3
13
15
42
42
25
47
47
42
42
3
42
70
42
15
3
25
34
42
42
42
25
3
42
42
70
42
3
13
42
42
42
34
15
25
47
3
3
47
3
42
3
25
66
25
3
47
13
70
42
3
3
47
25
3
3
3
25
3
13
47
47
42
66
13
47
7
25
47
25
66
3
42
58
7
3
34
25
58
3
47
70
70
70
70
70
70
70
70
70
70
70
70
70
70
70
70
70
70
70
70
54
54
54
54
54
54
54
54
70
54
54
54
54
54
70
54
54
54
54
70
70
70
70
70
70
70
70
70
70
70
70
70
70
70
70
70
70
70
70
70
70
70
70
70
70
70
70
70
70
70
70
70
70
70
70
70
70
1
70
70
1
1
1
70
1
1
1
1
51
1
1
1
51
24
51
1
70
51
81
24
24
81
51
51
51
1
51
81
24
19
81
51
70
51
1
81
24
24
81
81
24
24
51
24
24
24
19
24
24
51
81
81
51
51
24
81
19
81
24
24
24
81
81
24
81
81
81
51
70
70
70
70
70
70
70
70
70
70
70
70
70
70
70
70
70
70
70
70
70
70
70
70
70
70
70
70
70
70
70
70
70
70
70
70
70
70
70
70
70
70
70
70
70
45
45
70
45
70
70
70
45
45
45
45
45
70
45
70
45
45
70
45
45
45
45
45
45
45
70
70
70
70
70
70
70
70
70
70
70
70
70
70
70
70
70
70
70
70
38
38
70
70
70
70
70
38
38
70
38
38
70
70
70
38
70
70
38
70
70
38
38
70
70
70
70
70
70
70
70
70
70
70
70
70
70
70
70
70
70
70
70
70
70
70
70
70
70
70
70
70
70
70
70
70
70
70
70
70
57
70
70
57
70
70
57
57
57
57
57
57
57
57
57
57
57
57
57
6
57
57
57
57
57
57
57
70
57
6
57
43
6
57
6
6
6
57
57
6
57
6
6
6
6
43
6
6
6
6
6
57
6
6
6
6
6
6
6
6
43
53
43
6
6
6
6
6
6
53
53
6
53
53
6
6
53
43
53
6
6
6
70
70
70
70
70
70
70
70
70
70
70
70
70
70
70
70
70
70
70
70
70
70
70
70
70
70
70
70
70
70
70
70
70
70
1
70
70
70
16
16
16
70
16
72
16
70
16
16
16
70
70
16
16
16
72
70
70
16
16
16
72
16
16
1
16
16
16
16
16
16
44
16
16
16
1
72
16
16
1
16
72
16
16
16
1
16
16
16
72
76
72
70
72
1
16
16
16
1
16
72
16
44
16
72
70
1
70
70
70
70
70
70
70
70
70
70
70
70
70
70
70
70
70
70
70
70
70
70
70
70
70
70
70
70
70
70
70
70
70
70
70
70
70
70
70
70
70
70
70
70
70
70
70
70
70
70
70
70
70
70
70
70
70
70
70
70
70
70
70
70
70
70
70
70
70
70
70
70
70
70
70
70
70
70
70
70
70
70
70
70
70
70
70
70
70
70
70
70
70
70
70
70
70
70
70
70
70
70
70
70
70
70
70
70
70
70
70
70
70
70
70
70
70
70
70
70
70
70
70
70
70
70
70
70
70
70
70
70
56
70
70
70
70
70
70
70
70
56
70
70
56
56
70
56
56
56
56
70
9
56
56
70
56
56
56
9
70
70
9
56
70
56
56
56
48
56
9
56
9
56
9
56
48
49
71
70
49
56
48
9
56
48
56
71
48
56
9
9
56
71
71
56
71
9
71
71
56
48
48
56
9
71
9
48
49
9
48
48
48
70
56
49
70
70
70
70
70
70
70
70
70
70
70
70
70
70
70
70
70
70
60
70
60
70
70
60
70
60
70
60
60
60
60
70
60
85
85
60
60
70
60
60
60
60
60
85
60
85
60
60
85
0
85
60
0
70
60
77
60
60
85
60
60
60
22
60
0
60
0
60
60
77
85
60
60
60
0
77
60
0
60
0
77
60
0
77
0
60
77
0
0
0
85
0
85
0
23
0
0
0
59
77
0
85
69
85
0
0
77
77
0
69
60
23
69
59
23
23
69
22
59
0
69
23
77
14
69
0
69
77
85
77
22
69
77
23
23
0
14
85
14
88
77
77
0
23
23
22
0
77
0
77
59
70
70
70
70
70
70
70
70
70
70
70
70
70
70
70
70
70
70
70
70
70
70
70
70
70
70
70
70
70
70
70
70
70
70
70
70
70
70
70
70
70
70
70
70
70
70
70
70
70
70
70
70
70
70
70
70
70
70
70
70
70
70
70
70
70
70
70
70
70
70
70
70
70
70
70
70
62
70
70
62
62
70
70
62
70
62
62
62
62
62
62
62
68
62
68
62
62
62
68
68
62
68
62
8
8
68
62
8
8
62
8
62
62
62
62
68
68
8
68
8
8
68
70
70
70
70
70
70
70
70
70
70
70
18
18
18
18
18
70
18
70
18
18
18
18
18
18
70
18
18
18
70
18
18
18
18
18
41
41
18
18
18
18
18
18
70
18
18
18
18
18
18
41
41
18
18
41
18
18
41
18
41
18
18
41
18
18
70
70
70
70
70
70
70
70
70
70
70
70
70
70
70
70
70
70
70
70
70
70
86
70
70
70
70
70
70
70
70
86
70
86
86
86
86
86
86
86
86
86
86
86
86
70
70
86
70
86
86
86
86
86
70
70
70
70
70
70
70
70
70
70
70
70
70
70
70
70
70
70
70
70
70
70
70
70
70
70
70
70
70
70
70
70
70
70
70
39
70
70
39
39
70
70
70
70
39
32
39
70
70
39
70
32
39
39
32
70
70
32
32
70
39
39
32
32
32
32
39
10
70
32
39
32
39
39
32
39
65
39
32
39
32
65
32
32
31
39
31
32
39
32
10
32
32
32
10
10
10
39
83
32
32
32
32
39
65
31
83
10
32
32
32
65
36
10
31
2
10
32
10
83
65
10
10
32
31
10
30
10
83
4
32
10
31
10
31
10
29
31
31
29
31
10
2
32
31
11
31
10
10
10
2
10
29
10
83
83
64
4
10
10
2
10
64
10
10
31
10
11
39
10
64
2
39
2
30
65
10
29
10
83
4
31
29
83
40
2
29
29
65
83
10
36
11
83
31
40
29
29
30
64
40
40
40
83
31
10
10
70
83
2
36
4
83
75
83
83
10
10
39
36
21
65
31
83
2
10
83
40
40
31
36
28
40
40
40
10
87
75
4
21
21
83
30
75
36
36
30
2
11
83
83
40
2
2
70
4
36
2
11
40
21
70
70
70
70
70
70
70
70
70
70
70
70
70
70
70
70
70
70
70
70
70
70
70
70
70
70
70
70
70
70
70
70
70
70
70
70
70
70
79
79
70
70
79
70
70
70
70
79
70
79
70
70
70
70
12
70
79
79
70
70
79
12
70
79
79
12
70
79
70
70
70
12
12
79
12
79
12
79
70
12
73
73
79
79
12
70
79
12
79
79
79
73
70
79
12
70
79
12
12
73
12
12
70
12
12
70
12
79
73
73
12
79
12
70
12
12
70
70
70
70
70
70
70
70
70
70
70
70
70
70
70
70
70
70
70
70
70
70
70
70
70
70
70
70
70
70
70
70
70
70
70
70
70
70
70
70
70
70
70
70
70
70
70
37
70
37
70
37
37
70
70
70
37
70
37
37
37
37
37
37
70
37
37
37
70
70
37
70
70
70
70
70
70
70
70
70
70
70
70
70
70
70
70
70
70
70
70
70
70
